SP1900:
  span: 196.4
  width: 3.1
  height: 3.9
  num: 8
  head_car_len: 25.28
  midd_car_len: 24.136
  cutpoints: [0. , 0.12939153, 0.25292769, 0.37646384, 0.5       ,
       0.62353616, 0.74707231, 0.87060847, 1.        ]
